1 31.0531 30.0569 33.4121 34.7257
2 38.3199 36.5316 45.5087 45.021
3 48.4271 46.172 64.775 62.4963
4 63.3717 58.7616 84.4137 77.9342
5 75.3747 72.5158 116.06 103.332
6 91.6744 92.5371 144.79 125.118
7 116.012 125.212 184.461 156.019
8 171.181 147.531 203.274 168.802
9 187.903 226.893 257.944 206.963
10 233.155 286.962 296.521 236.212
11 283.429 343.752 334.804 264.877
12 335.469 408.323 379.512 299.7
13 382.716 474.211 427.962 330.681
14 434.544 551.157 481.322 367.391
15 554.755 587.507 499.148 396.556
16 529.196 697.087 572.064 445.239
17 582.909 796.905 641.662 492.249
18 620.459 868.858 670.728 515.517
19 831.44 930.352 750.932 592.317
20 772.949 1119.28 827.332 626.228
21 970.917 1108.98 860.724 675.949
22 1010.91 1177.19 874.665 686.905
23 1062.79 1257.27 916.72 706.188
24 1117.27 1345.11 952.455 733.917
25 1233.02 1480.61 1063.6 809.178
26 1298.98 1582.04 1105.8 840.315
27 1392.72 1695.12 1182.79 894.321
